202002010000
202002010100
202002010200
202002010300
202002010400
202002010500
202002010600
202002010700
202002010800
202002010900
202002011000
202002011100
202002011200
202002011300
202002011400
202002011500
202002011600
202002011700
202002011800
202002011900
202002012000
202002012100
202002012200
202002012300
202002020000
202002020100
202002020200
202002020300
202002020400
202002020500
202002020600
202002020700
202002020800
202002020900
202002021000
202002021100
202002021200
202002021300
202002021400
202002021500
202002021600
202002021700
202002021800
202002021900
202002022000
202002022100
202002022200
202002022300
202002030000
202002030100
202002030200
202002030300
202002030400
202002030500
202002030600
202002030700
202002030800
202002030900
202002031000
202002031100
202002031200
202002031300
202002031400
202002031500
202002031600
202002031700
202002031800
202002031900
202002032000
202002032100
202002032200
202002032300
202002040000
202002040100
202002040200
202002040300
202002040400
202002040500
202002040600
202002040700
202002040800
202002040900
202002041000
202002041100
202002041200
202002041300
202002041400
202002041500
202002041600
202002041700
202002041800
202002041900
202002042000
202002042100
202002042200
202002042300
202002050000
202002050100
202002050200
202002050300
202002050400
202002050500
202002050600
202002050700
202002050800
202002050900
202002051000
202002051100
202002051200
202002051300
202002051400
202002051500
202002051600
202002051700
202002051800
202002051900
202002052000
202002052100
202002052200
202002052300
202002060000
202002060100
202002060200
202002060300
202002060400
202002060500
202002060600
202002060700
202002060800
202002060900
202002061000
202002061100
202002061200
202002061300
202002061400
202002061500
202002061600
202002061700
202002061800
202002061900
202002062000
202002062100
202002062200
202002062300
202002070000
202002070100
202002070200
202002070300
202002070400
202002070500
202002070600
202002070700
202002070800
202002070900
202002071000
202002071100
202002071200
202002071300
202002071400
202002071500
202002071600
202002071700
202002071800
202002071900
202002072000
202002072100
202002072200
202002072300
202002080000
202002080100
202002080200
202002080300
202002080400
202002080500
202002080600
202002080700
202002080800
202002080900
202002081000
202002081100
202002081200
202002081300
202002081400
202002081500
202002081600
202002081700
202002081800
202002081900
202002082000
202002082100
202002082200
202002082300
202002090000
202002090100
202002090200
202002090300
202002090400
202002090500
202002090600
202002090700
202002090800
202002090900
202002091000
202002091100
202002091200
202002091300
202002091400
202002091500
202002091600
202002091700
202002091800
202002091900
202002092000
202002092100
202002092200
202002092300
202002100000
202002100100
202002100200
202002100300
202002100400
202002100500
202002100600
202002100700
202002100800
202002100900
202002101000
202002101100
202002101200
202002101300
202002101400
202002101500
202002101600
202002101700
202002101800
202002101900
202002102000
202002102100
202002102200
202002102300
202002110000
202002110100
202002110200
202002110300
202002110400
202002110500
202002110600
202002110700
202002110800
202002110900
202002111000
202002111100
202002111200
202002111300
202002111400
202002111500
202002111600
202002111700
202002111800
202002111900
202002112000
202002112100
202002112200
202002112300
202002120000
202002120100
202002120200
202002120300
202002120400
202002120500
202002120600
202002120700
202002120800
202002120900
202002121000
202002121100
202002121200
202002121300
202002121400
202002121500
202002121600
202002121700
202002121800
202002121900
202002122000
202002122100
202002122200
202002122300
202002130000
202002130100
202002130200
202002130300
202002130400
202002130500
202002130600
202002130700
202002130800
202002130900
202002131000
202002131100
202002131200
202002131300
202002131400
202002131500
202002131600
202002131700
202002131800
202002131900
202002132000
202002132100
202002132200
202002132300
202002140000
202002140100
202002140200
202002140300
202002140400
202002140500
202002140600
202002140700
202002140800
202002140900
202002141000
202002141100
202002141200
202002141300
202002141400
202002141500
202002141600
202002141700
202002141800
202002141900
202002142000
202002142100
202002142200
202002142300
202002150000
202002150100
202002150200
202002150300
202002150400
202002150500
202002150600
202002150700
202002150800
202002150900
202002151000
202002151100
202002151200
202002151300
202002151400
202002151500
202002151600
202002151700
202002151800
202002151900
202002152000
202002152100
202002152200
202002152300
202002160000
202002160100
202002160200
202002160300
202002160400
202002160500
202002160600
202002160700
202002160800
202002160900
202002161000
202002161100
202002161200
202002161300
202002161400
202002161500
202002161600
202002161700
202002161800
202002161900
202002162000
202002162100
202002162200
202002162300
202002170000
202002170100
202002170200
202002170300
202002170400
202002170500
202002170600
202002170700
202002170800
202002170900
202002171000
202002171100
202002171200
202002171300
202002171400
202002171500
202002171600
202002171700
202002171800
202002171900
202002172000
202002172100
202002172200
202002172300
202002180000
202002180100
202002180200
202002180300
202002180400
202002180500
202002180600
202002180700
202002180800
202002180900
202002181000
202002181100
202002181200
202002181300
202002181400
202002181500
202002181600
202002181700
202002181800
202002181900
202002182000
202002182100
202002182200
202002182300
202002190000
202002190100
202002190200
202002190300
202002190400
202002190500
202002190600
202002190700
202002190800
202002190900
202002191000
202002191100
202002191200
202002191300
202002191400
202002191500
202002191600
202002191700
202002191800
202002191900
202002192000
202002192100
202002192200
202002192300
202002200000
202002200100
202002200200
202002200300
202002200400
202002200500
202002200600
202002200700
202002200800
202002200900
202002201000
202002201100
202002201200
202002201300
202002201400
202002201500
202002201600
202002201700
202002201800
202002201900
202002202000
202002202100
202002202200
202002202300
202002210000
202002210100
202002210200
202002210300
202002210400
202002210500
202002210600
202002210700
202002210800
202002210900
202002211000
202002211100
202002211200
202002211300
202002211400
202002211500
202002211600
202002211700
202002211800
202002211900
202002212000
202002212100
202002212200
202002212300
202002220000
202002220100
202002220200
202002220300
202002220400
202002220500
202002220600
202002220700
202002220800
202002220900
202002221000
202002221100
202002221200
202002221300
202002221400
202002221500
202002221600
202002221700
202002221800
202002221900
202002222000
202002222100
202002222200
202002222300
202002230000
202002230100
202002230200
202002230300
202002230400
202002230500
202002230600
202002230700
202002230800
202002230900
202002231000
202002231100
202002231200
202002231300
202002231400
202002231500
202002231600
202002231700
202002231800
202002231900
202002232000
202002232100
202002232200
202002232300
202002240000
202002240100
202002240200
202002240300
202002240400
202002240500
202002240600
202002240700
202002240800
202002240900
202002241000
202002241100
202002241200
202002241300
202002241400
202002241500
202002241600
202002241700
202002241800
202002241900
202002242000
202002242100
202002242200
202002242300
202002250000
202002250100
202002250200
202002250300
202002250400
202002250500
202002250600
202002250700
202002250800
202002250900
202002251000
202002251100
202002251200
202002251300
202002251400
202002251500
202002251600
202002251700
202002251800
202002251900
202002252000
202002252100
202002252200
202002252300
202002260000
202002260100
202002260200
202002260300
202002260400
202002260500
202002260600
202002260700
202002260800
202002260900
202002261000
202002261100
202002261200
202002261300
202002261400
202002261500
202002261600
202002261700
202002261800
202002261900
202002262000
202002262100
202002262200
202002262300
202002270000
202002270100
202002270200
202002270300
202002270400
202002270500
202002270600
202002270700
202002270800
202002270900
202002271000
202002271100
202002271200
202002271300
202002271400
202002271500
202002271600
202002271700
202002271800
202002271900
202002272000
202002272100
202002272200
202002272300
202002280000
202002280100
202002280200
202002280300
202002280400
202002280500
202002280600
202002280700
202002280800
202002280900
202002281000
202002281100
202002281200
202002281300
202002281400
202002281500
202002281600
202002281700
202002281800
202002281900
202002282000
202002282100
202002282200
202002282300
202002290000
202002290100
202002290200
202002290300
202002290400
202002290500
202002290600
202002290700
202002290800
202002290900
202002291000
202002291100
202002291200
202002291300
202002291400
202002291500
202002291600
202002291700
202002291800
202002291900
202002292000
202002292100
202002292200
202002292300
202003010000
202003010100
202003010200
202003010300
202003010400
202003010500
202003010600
202003010700
202003010800
202003010900
202003011000
202003011100
202003011200
202003011300
202003011400
202003011500
202003011600
202003011700
202003011800
202003011900
202003012000
202003012100
202003012200
202003012300
202003020000
202003020100
202003020200
202003020300
202003020400
202003020500
202003020600
202003020700
202003020800
202003020900
202003021000
202003021100
202003021200
202003021300
202003021400
202003021500
202003021600
202003021700
202003021800
202003021900
202003022000
202003022100
202003022200
202003022300
202003030000
202003030100
202003030200
202003030300
202003030400
202003030500
202003030600
202003030700
202003030800
202003030900
202003031000
202003031100
202003031200
202003031300
202003031400
202003031500
202003031600
202003031700
202003031800
202003031900
202003032000
202003032100
202003032200
202003032300
202003040000
202003040100
202003040200
202003040300
202003040400
202003040500
202003040600
202003040700
202003040800
202003040900
202003041000
202003041100
202003041200
202003041300
202003041400
202003041500
202003041600
202003041700
202003041800
202003041900
202003042000
202003042100
202003042200
202003042300
202003050000
202003050100
202003050200
202003050300
202003050400
202003050500
202003050600
202003050700
202003050800
202003050900
202003051000
202003051100
202003051200
202003051300
202003051400
202003051500
202003051600
202003051700
202003051800
202003051900
202003052000
202003052100
202003052200
202003052300
202003060000
202003060100
202003060200
202003060300
202003060400
202003060500
202003060600
202003060700
202003060800
202003060900
202003061000
202003061100
202003061200
202003061300
202003061400
202003061500
202003061600
202003061700
202003061800
202003061900
202003062000
202003062100
202003062200
202003062300
202003070000
202003070100
202003070200
202003070300
202003070400
202003070500
202003070600
202003070700
202003070800
202003070900
202003071000
202003071100
202003071200
202003071300
202003071400
202003071500
202003071600
202003071700
202003071800
202003071900
202003072000
202003072100
202003072200
202003072300
202003080000
202003080100
202003080200
202003080300
202003080400
202003080500
202003080600
202003080700
202003080800
202003080900
202003081000
202003081100
202003081200
202003081300
202003081400
202003081500
202003081600
202003081700
202003081800
202003081900
202003082000
202003082100
202003082200
202003082300
202003090000
202003090100
202003090200
202003090300
202003090400
202003090500
202003090600
202003090700
202003090800
202003090900
202003091000
202003091100
202003091200
202003091300
202003091400
202003091500
202003091600
202003091700
202003091800
202003091900
202003092000
202003092100
202003092200
202003092300
202003100000
202003100100
202003100200
202003100300
202003100400
202003100500
202003100600
202003100700
202003100800
202003100900
202003101000
202003101100
202003101200
202003101300
202003101400
202003101500
202003101600
202003101700
202003101800
202003101900
202003102000
202003102100
202003102200
202003102300
202003110000
202003110100
202003110200
202003110300
202003110400
202003110500
202003110600
202003110700
202003110800
202003110900
202003111000
202003111100
202003111200
202003111300
202003111400
202003111500
202003111600
202003111700
202003111800
202003111900
202003112000
202003112100
202003112200
202003112300
202003120000
202003120100
202003120200
202003120300
202003120400
202003120500
202003120600
202003120700
202003120800
202003120900
202003121000
202003121100
202003121200
202003121300
202003121400
202003121500
202003121600
202003121700
202003121800
202003121900
202003122000
202003122100
202003122200
202003122300
202003130000
202003130100
202003130200
202003130300
202003130400
202003130500
202003130600
202003130700
202003130800
202003130900
202003131000
202003131100
202003131200
202003131300
202003131400
202003131500
202003131600
202003131700
202003131800
202003131900
202003132000
202003132100
202003132200
202003132300
202003140000
202003140100
202003140200
202003140300
202003140400
202003140500
202003140600
202003140700
202003140800
202003140900
202003141000
202003141100
202003141200
202003141300
202003141400
202003141500
202003141600
202003141700
202003141800
202003141900
202003142000
202003142100
202003142200
202003142300
202003150000
202003150100
202003150200
202003150300
202003150400
202003150500
202003150600
202003150700
202003150800
202003150900
202003151000
202003151100
202003151200
202003151300
202003151400
202003151500
202003151600
202003151700
202003151800
202003151900
202003152000
202003152100
202003152200
202003152300
202003160000
202003160100
202003160200
202003160300
202003160400
202003160500
202003160600
202003160700
202003160800
202003160900
202003161000
202003161100
202003161200
202003161300
202003161400
202003161500
202003161600
202003161700
202003161800
202003161900
202003162000
202003162100
202003162200
202003162300
202003170000
202003170100
202003170200
202003170300
202003170400
202003170500
202003170600
202003170700
202003170800
202003170900
202003171000
202003171100
202003171200
202003171300
202003171400
202003171500
202003171600
202003171700
202003171800
202003171900
202003172000
202003172100
202003172200
202003172300
202003180000
202003180100
202003180200
202003180300
202003180400
202003180500
202003180600
202003180700
202003180800
202003180900
202003181000
202003181100
202003181200
202003181300
202003181400
202003181500
202003181600
202003181700
202003181800
202003181900
202003182000
202003182100
202003182200
202003182300
202003190000
202003190100
202003190200
202003190300
202003190400
202003190500
202003190600
202003190700
202003190800
202003190900
202003191000
202003191100
202003191200
202003191300
202003191400
202003191500
202003191600
202003191700
202003191800
202003191900
202003192000
202003192100
202003192200
202003192300
202003200000
202003200100
202003200200
202003200300
202003200400
202003200500
202003200600
202003200700
202003200800
202003200900
202003201000
202003201100
202003201200
202003201300
202003201400
202003201500
202003201600
202003201700
202003201800
202003201900
202003202000
202003202100
202003202200
202003202300
202003210000
202003210100
202003210200
202003210300
202003210400
202003210500
202003210600
202003210700
202003210800
202003210900
202003211000
202003211100
202003211200
202003211300
202003211400
202003211500
202003211600
202003211700
202003211800
202003211900
202003212000
202003212100
202003212200
202003212300
202003220000
202003220100
202003220200
202003220300
202003220400
202003220500
202003220600
202003220700
202003220800
202003220900
202003221000
202003221100
202003221200
202003221300
202003221400
202003221500
202003221600
202003221700
202003221800
202003221900
202003222000
202003222100
202003222200
202003222300
202003230000
202003230100
202003230200
202003230300
202003230400
202003230500
202003230600
202003230700
202003230800
202003230900
202003231000
202003231100
202003231200
202003231300
202003231400
202003231500
202003231600
202003231700
202003231800
202003231900
202003232000
202003232100
202003232200
202003232300
202003240000
202003240100
202003240200
202003240300
202003240400
202003240500
202003240600
202003240700
202003240800
202003240900
202003241000
202003241100
202003241200
202003241300
202003241400
202003241500
202003241600
202003241700
202003241800
202003241900
202003242000
202003242100
202003242200
202003242300
202003250000
202003250100
202003250200
202003250300
202003250400
202003250500
202003250600
202003250700
202003250800
202003250900
202003251000
202003251100
202003251200
202003251300
202003251400
202003251500
202003251600
202003251700
202003251800
202003251900
202003252000
202003252100
202003252200
202003252300
202003260000
202003260100
202003260200
202003260300
202003260400
202003260500
202003260600
202003260700
202003260800
202003260900
202003261000
202003261100
202003261200
202003261300
202003261400
202003261500
202003261600
202003261700
202003261800
202003261900
202003262000
202003262100
202003262200
202003262300
202003270000
202003270100
202003270200
202003270300
202003270400
202003270500
202003270600
202003270700
202003270800
202003270900
202003271000
202003271100
202003271200
202003271300
202003271400
202003271500
202003271600
202003271700
202003271800
202003271900
202003272000
202003272100
202003272200
202003272300
202003280000
202003280100
202003280200
202003280300
202003280400
202003280500
202003280600
202003280700
202003280800
202003280900
202003281000
202003281100
202003281200
202003281300
202003281400
202003281500
202003281600
202003281700
202003281800
202003281900
202003282000
202003282100
202003282200
202003282300
202003290000
202003290100
202003290200
202003290300
202003290400
202003290500
202003290600
202003290700
202003290800
202003290900
202003291000
202003291100
202003291200
202003291300
202003291400
202003291500
202003291600
202003291700
202003291800
202003291900
202003292000
202003292100
202003292200
202003292300
202003300000
202003300100
202003300200
202003300300
202003300400
202003300500
202003300600
202003300700
202003300800
202003300900
202003301000
202003301100
202003301200
202003301300
202003301400
202003301500
202003301600
202003301700
202003301800
202003301900
202003302000
202003302100
202003302200
202003302300
202003310000
202003310100
202003310200
202003310300
202003310400
202003310500
202003310600
202003310700
202003310800
202003310900
202003311000
202003311100
202003311200
202003311300
202003311400
202003311500
202003311600
202003311700
202003311800
202003311900
202003312000
202003312100
202003312200
202003312300
202004010000
202004010100
202004010200
202004010300
202004010400
202004010500
202004010600
202004010700
202004010800
202004010900
202004011000
202004011100
202004011200
202004011300
202004011400
202004011500
202004011600
202004011700
202004011800
202004011900
202004012000
202004012100
202004012200
202004012300
202004020000
202004020100
202004020200
202004020300
202004020400
202004020500
202004020600
202004020700
202004020800
202004020900
202004021000
202004021100
202004021200
202004021300
202004021400
202004021500
202004021600
202004021700
202004021800
202004021900
202004022000
202004022100
202004022200
202004022300
202004030000
202004030100
202004030200
202004030300
202004030400
202004030500
202004030600
202004030700
202004030800
202004030900
202004031000
202004031100
202004031200
202004031300
202004031400
202004031500
202004031600
202004031700
202004031800
202004031900
202004032000
202004032100
202004032200
202004032300
202004040000
202004040100
202004040200
202004040300
202004040400
202004040500
202004040600
202004040700
202004040800
202004040900
202004041000
202004041100
202004041200
202004041300
202004041400
202004041500
202004041600
202004041700
202004041800
202004041900
202004042000
202004042100
202004042200
202004042300
202004050000
202004050100
202004050200
202004050300
202004050400
202004050500
202004050600
202004050700
202004050800
202004050900
202004051000
202004051100
202004051200
202004051300
202004051400
202004051500
202004051600
202004051700
202004051800
202004051900
202004052000
202004052100
202004052200
202004052300
202004060000
202004060100
202004060200
202004060300
202004060400
202004060500
202004060600
202004060700
202004060800
202004060900
202004061000
202004061100
202004061200
202004061300
202004061400
202004061500
202004061600
202004061700
202004061800
202004061900
202004062000
202004062100
202004062200
202004062300
202004070000
202004070100
202004070200
202004070300
202004070400
202004070500
202004070600
202004070700
202004070800
202004070900
202004071000
202004071100
202004071200
202004071300
202004071400
202004071500
202004071600
202004071700
202004071800
202004071900
202004072000
202004072100
202004072200
202004072300
202004080000
202004080100
202004080200
202004080300
202004080400
202004080500
202004080600
202004080700
202004080800
202004080900
202004081000
202004081100
202004081200
202004081300
202004081400
202004081500
202004081600
202004081700
202004081800
202004081900
202004082000
202004082100
202004082200
202004082300
202004090000
202004090100
202004090200
202004090300
202004090400
202004090500
202004090600
202004090700
202004090800
202004090900
202004091000
202004091100
202004091200
202004091300
202004091400
202004091500
202004091600
202004091700
202004091800
202004091900
202004092000
202004092100
202004092200
202004092300
202004100000
202004100100
202004100200
202004100300
202004100400
202004100500
202004100600
202004100700
202004100800
202004100900
202004101000
202004101100
202004101200
202004101300
202004101400
202004101500
202004101600
202004101700
202004101800
202004101900
202004102000
202004102100
202004102200
202004102300
202004110000
202004110100
202004110200
202004110300
202004110400
202004110500
202004110600
202004110700
202004110800
202004110900
202004111000
202004111100
202004111200
202004111300
202004111400
202004111500
202004111600
202004111700
202004111800
202004111900
202004112000
202004112100
202004112200
202004112300
202004120000
202004120100
202004120200
202004120300
202004120400
202004120500
202004120600
202004120700
202004120800
202004120900
202004121000
202004121100
202004121200
202004121300
202004121400
202004121500
202004121600
202004121700
202004121800
202004121900
202004122000
202004122100
202004122200
202004122300
202004130000
202004130100
202004130200
202004130300
202004130400
202004130500
202004130600
202004130700
202004130800
202004130900
202004131000
202004131100
202004131200
202004131300
202004131400
202004131500
202004131600
202004131700
202004131800
202004131900
202004132000
202004132100
202004132200
202004132300
202004140000
202004140100
202004140200
202004140300
202004140400
202004140500
202004140600
202004140700
202004140800
202004140900
202004141000
202004141100
202004141200
202004141300
202004141400
202004141500
202004141600
202004141700
202004141800
202004141900
202004142000
202004142100
202004142200
202004142300
202004150000
202004150100
202004150200
202004150300
202004150400
202004150500
202004150600
202004150700
202004150800
202004150900
202004151000
202004151100
202004151200
202004151300
202004151400
202004151500
202004151600
202004151700
202004151800
202004151900
202004152000
202004152100
202004152200
202004152300
202004160000
202004160100
202004160200
202004160300
202004160400
202004160500
202004160600
202004160700
202004160800
202004160900
202004161000
202004161100
202004161200
202004161300
202004161400
202004161500
202004161600
202004161700
202004161800
202004161900
202004162000
202004162100
202004162200
202004162300
202004170000
202004170100
202004170200
202004170300
202004170400
202004170500
202004170600
202004170700
202004170800
202004170900
202004171000
202004171100
202004171200
202004171300
202004171400
202004171500
202004171600
202004171700
202004171800
202004171900
202004172000
202004172100
202004172200
202004172300
202004180000
202004180100
202004180200
202004180300
202004180400
202004180500
202004180600
202004180700
202004180800
202004180900
202004181000
202004181100
202004181200
202004181300
202004181400
202004181500
202004181600
202004181700
202004181800
202004181900
202004182000
202004182100
202004182200
202004182300
202004190000
202004190100
202004190200
202004190300
202004190400
202004190500
202004190600
202004190700
202004190800
202004190900
202004191000
202004191100
202004191200
202004191300
202004191400
202004191500
202004191600
202004191700
202004191800
202004191900
202004192000
202004192100
202004192200
202004192300
202004200000
202004200100
202004200200
202004200300
202004200400
202004200500
202004200600
202004200700
202004200800
202004200900
202004201000
202004201100
202004201200
202004201300
202004201400
202004201500
202004201600
202004201700
202004201800
202004201900
202004202000
202004202100
202004202200
202004202300
202004210000
202004210100
202004210200
202004210300
202004210400
202004210500
202004210600
202004210700
202004210800
202004210900
202004211000
202004211100
202004211200
202004211300
202004211400
202004211500
202004211600
202004211700
202004211800
202004211900
202004212000
202004212100
202004212200
202004212300
202004220000
202004220100
202004220200
202004220300
202004220400
202004220500
202004220600
202004220700
202004220800
202004220900
202004221000
202004221100
202004221200
202004221300
202004221400
202004221500
202004221600
202004221700
202004221800
202004221900
202004222000
202004222100
202004222200
202004222300
202004230000
202004230100
202004230200
202004230300
202004230400
202004230500
202004230600
202004230700
202004230800
202004230900
202004231000
202004231100
202004231200
202004231300
202004231400
202004231500
202004231600
202004231700
202004231800
202004231900
202004232000
202004232100
202004232200
202004232300
202004240000
202004240100
202004240200
202004240300
202004240400
202004240500
202004240600
202004240700
202004240800
202004240900
202004241000
202004241100
202004241200
202004241300
202004241400
202004241500
202004241600
202004241700
202004241800
202004241900
202004242000
202004242100
202004242200
202004242300
202004250000
202004250100
202004250200
202004250300
202004250400
202004250500
202004250600
202004250700
202004250800
202004250900
202004251000
202004251100
202004251200
202004251300
202004251400
202004251500
202004251600
202004251700
202004251800
202004251900
202004252000
202004252100
202004252200
202004252300
202004260000
202004260100
202004260200
202004260300
202004260400
202004260500
202004260600
202004260700
202004260800
202004260900
202004261000
202004261100
202004261200
202004261300
202004261400
202004261500
202004261600
202004261700
202004261800
202004261900
202004262000
202004262100
202004262200
202004262300
202004270000
202004270100
202004270200
202004270300
202004270400
202004270500
202004270600
202004270700
202004270800
202004270900
202004271000
202004271100
202004271200
202004271300
202004271400
202004271500
202004271600
202004271700
202004271800
202004271900
202004272000
202004272100
202004272200
202004272300
202004280000
202004280100
202004280200
202004280300
202004280400
202004280500
202004280600
202004280700
202004280800
202004280900
202004281000
202004281100
202004281200
202004281300
202004281400
202004281500
202004281600
202004281700
202004281800
202004281900
202004282000
202004282100
202004282200
202004282300
202004290000
202004290100
202004290200
202004290300
202004290400
202004290500
202004290600
202004290700
202004290800
202004290900
202004291000
202004291100
202004291200
202004291300
202004291400
202004291500
202004291600
202004291700
202004291800
202004291900
202004292000
202004292100
202004292200
202004292300
202004300000
202004300100
202004300200
202004300300
202004300400
202004300500
202004300600
202004300700
202004300800
202004300900
202004301000
202004301100
202004301200
202004301300
202004301400
202004301500
202004301600
202004301700
202004301800
202004301900
202004302000
202004302100
202004302200
202004302300
202005010000
202005010100
202005010200
202005010300
202005010400
202005010500
202005010600
202005010700
202005010800
202005010900
202005011000
202005011100
202005011200
202005011300
202005011400
202005011500
202005011600
202005011700
202005011800
202005011900
202005012000
202005012100
202005012200
202005012300
202005020000
202005020100
202005020200
202005020300
202005020400
202005020500
202005020600
202005020700
202005020800
202005020900
202005021000
202005021100
202005021200
202005021300
202005021400
202005021500
202005021600
202005021700
202005021800
202005021900
202005022000
202005022100
202005022200
202005022300
202005030000
202005030100
202005030200
202005030300
202005030400
202005030500
202005030600
202005030700
202005030800
202005030900
202005031000
202005031100
202005031200
202005031300
202005031400
202005031500
202005031600
202005031700
202005031800
202005031900
202005032000
202005032100
202005032200
202005032300
202005040000
202005040100
202005040200
202005040300
202005040400
202005040500
202005040600
202005040700
202005040800
202005040900
202005041000
202005041100
202005041200
202005041300
202005041400
202005041500
202005041600
202005041700
202005041800
202005041900
202005042000
202005042100
202005042200
202005042300
202005050000
202005050100
202005050200
202005050300
202005050400
202005050500
202005050600
202005050700
202005050800
202005050900
202005051000
202005051100
202005051200
202005051300
202005051400
202005051500
202005051600
202005051700
202005051800
202005051900
202005052000
202005052100
202005052200
202005052300
202005060000
202005060100
202005060200
202005060300
202005060400
202005060500
202005060600
202005060700
202005060800
202005060900
202005061000
202005061100
202005061200
202005061300
202005061400
202005061500
202005061600
202005061700
202005061800
202005061900
202005062000
202005062100
202005062200
202005062300
202005070000
202005070100
202005070200
202005070300
202005070400
202005070500
202005070600
202005070700
202005070800
202005070900
202005071000
202005071100
202005071200
202005071300
202005071400
202005071500
202005071600
202005071700
202005071800
202005071900
202005072000
202005072100
202005072200
202005072300
202005080000
202005080100
202005080200
202005080300
202005080400
202005080500
202005080600
202005080700
202005080800
202005080900
202005081000
202005081100
202005081200
202005081300
202005081400
202005081500
202005081600
202005081700
202005081800
202005081900
202005082000
202005082100
202005082200
202005082300
202005090000
202005090100
202005090200
202005090300
202005090400
202005090500
202005090600
202005090700
202005090800
202005090900
202005091000
202005091100
202005091200
202005091300
202005091400
202005091500
202005091600
202005091700
202005091800
202005091900
202005092000
202005092100
202005092200
202005092300
202005100000
202005100100
202005100200
202005100300
202005100400
202005100500
202005100600
202005100700
202005100800
202005100900
202005101000
202005101100
202005101200
202005101300
202005101400
202005101500
202005101600
202005101700
202005101800
202005101900
202005102000
202005102100
202005102200
202005102300
202005110000
202005110100
202005110200
202005110300
202005110400
202005110500
202005110600
202005110700
202005110800
202005110900
202005111000
202005111100
202005111200
202005111300
202005111400
202005111500
202005111600
202005111700
202005111800
202005111900
202005112000
202005112100
202005112200
202005112300
202005120000
202005120100
202005120200
202005120300
202005120400
202005120500
202005120600
202005120700
202005120800
202005120900
202005121000
202005121100
202005121200
202005121300
202005121400
202005121500
202005121600
202005121700
202005121800
202005121900
202005122000
202005122100
202005122200
202005122300
202005130000
202005130100
202005130200
202005130300
202005130400
202005130500
202005130600
202005130700
202005130800
202005130900
202005131000
202005131100
202005131200
202005131300
202005131400
202005131500
202005131600
202005131700
202005131800
202005131900
202005132000
202005132100
202005132200
202005132300
202005140000
202005140100
202005140200
202005140300
202005140400
202005140500
202005140600
202005140700
202005140800
202005140900
202005141000
202005141100
202005141200
202005141300
202005141400
202005141500
202005141600
202005141700
202005141800
202005141900
202005142000
202005142100
202005142200
202005142300
202005150000
202005150100
202005150200
202005150300
202005150400
202005150500
202005150600
202005150700
202005150800
202005150900
202005151000
202005151100
202005151200
202005151300
202005151400
202005151500
202005151600
202005151700
202005151800
202005151900
202005152000
202005152100
202005152200
202005152300
202005160000
202005160100
202005160200
202005160300
202005160400
202005160500
202005160600
202005160700
202005160800
202005160900
202005161000
202005161100
202005161200
202005161300
202005161400
202005161500
202005161600
202005161700
202005161800
202005161900
202005162000
202005162100
202005162200
202005162300
202005170000
202005170100
202005170200
202005170300
202005170400
202005170500
202005170600
202005170700
202005170800
202005170900
202005171000
202005171100
202005171200
202005171300
202005171400
202005171500
202005171600
202005171700
202005171800
202005171900
202005172000
202005172100
202005172200
202005172300
202005180000
202005180100
202005180200
202005180300
202005180400
202005180500
202005180600
202005180700
202005180800
202005180900
202005181000
202005181100
202005181200
202005181300
202005181400
202005181500
202005181600
202005181700
202005181800
202005181900
202005182000
202005182100
202005182200
202005182300
202005190000
202005190100
202005190200
202005190300
202005190400
202005190500
202005190600
202005190700
202005190800
202005190900
202005191000
202005191100
202005191200
202005191300
202005191400
202005191500
202005191600
202005191700
202005191800
202005191900
202005192000
202005192100
202005192200
202005192300
202005200000
202005200100
202005200200
202005200300
202005200400
202005200500
202005200600
202005200700
202005200800
202005200900
202005201000
202005201100
202005201200
202005201300
202005201400
202005201500
202005201600
202005201700
202005201800
202005201900
202005202000
202005202100
202005202200
202005202300
202005210000
202005210100
202005210200
202005210300
202005210400
202005210500
202005210600
202005210700
202005210800
202005210900
202005211000
202005211100
202005211200
202005211300
202005211400
202005211500
202005211600
202005211700
202005211800
202005211900
202005212000
202005212100
202005212200
202005212300
202005220000
202005220100
202005220200
202005220300
202005220400
202005220500
202005220600
202005220700
202005220800
202005220900
202005221000
202005221100
202005221200
202005221300
202005221400
202005221500
202005221600
202005221700
202005221800
202005221900
202005222000
202005222100
202005222200
202005222300
202005230000
202005230100
202005230200
202005230300
202005230400
202005230500
202005230600
202005230700
202005230800
202005230900
202005231000
202005231100
202005231200
202005231300
202005231400
202005231500
202005231600
202005231700
202005231800
202005231900
202005232000
202005232100
202005232200
202005232300
202005240000
202005240100
202005240200
202005240300
202005240400
202005240500
202005240600
202005240700
202005240800
202005240900
202005241000
202005241100
202005241200
202005241300
202005241400
202005241500
202005241600
202005241700
202005241800
202005241900
202005242000
202005242100
202005242200
202005242300
202005250000
202005250100
202005250200
202005250300
202005250400
202005250500
202005250600
202005250700
202005250800
202005250900
202005251000
202005251100
202005251200
202005251300
202005251400
202005251500
202005251600
202005251700
202005251800
202005251900
202005252000
202005252100
202005252200
202005252300
202005260000
202005260100
202005260200
202005260300
202005260400
202005260500
202005260600
202005260700
202005260800
202005260900
202005261000
202005261100
202005261200
202005261300
202005261400
202005261500
202005261600
202005261700
202005261800
202005261900
202005262000
202005262100
202005262200
202005262300
202005270000
202005270100
202005270200
202005270300
202005270400
202005270500
202005270600
202005270700
202005270800
202005270900
202005271000
202005271100
202005271200
202005271300
202005271400
202005271500
202005271600
202005271700
202005271800
202005271900
202005272000
202005272100
202005272200
202005272300
202005280000
202005280100
202005280200
202005280300
202005280400
202005280500
202005280600
202005280700
202005280800
202005280900
202005281000
202005281100
202005281200
202005281300
202005281400
202005281500
202005281600
202005281700
202005281800
202005281900
202005282000
202005282100
202005282200
202005282300
202005290000
202005290100
202005290200
202005290300
202005290400
202005290500
202005290600
202005290700
202005290800
202005290900
202005291000
202005291100
202005291200
202005291300
202005291400
202005291500
202005291600
202005291700
202005291800
202005291900
202005292000
202005292100
202005292200
202005292300
202005300000
202005300100
202005300200
202005300300
202005300400
202005300500
202005300600
202005300700
202005300800
202005300900
202005301000
202005301100
202005301200
202005301300
202005301400
202005301500
202005301600
202005301700
202005301800
202005301900
202005302000
202005302100
202005302200
202005302300
202005310000
202005310100
202005310200
202005310300
202005310400
202005310500
202005310600
202005310700
202005310800
202005310900
202005311000
202005311100
202005311200
202005311300
202005311400
202005311500
202005311600
202005311700
202005311800
202005311900
202005312000
202005312100
202005312200
202005312300
202006010000
202006010100
202006010200
202006010300
202006010400
202006010500
202006010600
202006010700
202006010800
202006010900
202006011000
202006011100
202006011200
202006011300
202006011400
202006011500
202006011600
202006011700
202006011800
202006011900
202006012000
202006012100
202006012200
202006012300
202006020000
202006020100
202006020200
202006020300
202006020400
202006020500
202006020600
202006020700
202006020800
202006020900
202006021000
202006021100
202006021200
202006021300
202006021400
202006021500
202006021600
202006021700
202006021800
202006021900
202006022000
202006022100
202006022200
202006022300
202006030000
202006030100
202006030200
202006030300
202006030400
202006030500
202006030600
202006030700
202006030800
202006030900
202006031000
202006031100
202006031200
202006031300
202006031400
202006031500
202006031600
202006031700
202006031800
202006031900
202006032000
202006032100
202006032200
202006032300
202006040000
202006040100
202006040200
202006040300
202006040400
202006040500
202006040600
202006040700
202006040800
202006040900
202006041000
202006041100
202006041200
202006041300
202006041400
202006041500
202006041600
202006041700
202006041800
202006041900
202006042000
202006042100
202006042200
202006042300
202006050000
202006050100
202006050200
202006050300
202006050400
202006050500
202006050600
202006050700
202006050800
202006050900
202006051000
202006051100
202006051200
202006051300
202006051400
202006051500
202006051600
202006051700
202006051800
202006051900
202006052000
202006052100
202006052200
202006052300
202006060000
202006060100
202006060200
202006060300
202006060400
202006060500
202006060600
202006060700
202006060800
202006060900
202006061000
202006061100
202006061200
202006061300
202006061400
202006061500
202006061600
202006061700
202006061800
202006061900
202006062000
202006062100
202006062200
202006062300
202006070000
202006070100
202006070200
202006070300
202006070400
202006070500
202006070600
202006070700
202006070800
202006070900
202006071000
202006071100
202006071200
202006071300
202006071400
202006071500
202006071600
202006071700
202006071800
202006071900
202006072000
202006072100
202006072200
202006072300
202006080000
202006080100
202006080200
202006080300
202006080400
202006080500
202006080600
202006080700
202006080800
202006080900
202006081000
202006081100
202006081200
202006081300
202006081400
202006081500
202006081600
202006081700
202006081800
202006081900
202006082000
202006082100
202006082200
202006082300
202006090000
202006090100
202006090200
202006090300
202006090400
202006090500
202006090600
202006090700
202006090800
202006090900
202006091000
202006091100
202006091200
202006091300
202006091400
202006091500
202006091600
202006091700
202006091800
202006091900
202006092000
202006092100
202006092200
202006092300
202006100000
202006100100
202006100200
202006100300
202006100400
202006100500
202006100600
202006100700
202006100800
202006100900
202006101000
202006101100
202006101200
202006101300
202006101400
202006101500
202006101600
202006101700
202006101800
202006101900
202006102000
202006102100
202006102200
202006102300
202006110000
202006110100
202006110200
202006110300
202006110400
202006110500
202006110600
202006110700
202006110800
202006110900
202006111000
202006111100
202006111200
202006111300
202006111400
202006111500
202006111600
202006111700
202006111800
202006111900
202006112000
202006112100
202006112200
202006112300
202006120000
202006120100
202006120200
202006120300
202006120400
202006120500
202006120600
202006120700
202006120800
202006120900
202006121000
202006121100
202006121200
202006121300
202006121400
202006121500
202006121600
202006121700
202006121800
202006121900
202006122000
202006122100
202006122200
202006122300
202006130000
202006130100
202006130200
202006130300
202006130400
202006130500
202006130600
202006130700
202006130800
202006130900
202006131000
202006131100
202006131200
202006131300
202006131400
202006131500
202006131600
202006131700
202006131800
202006131900
202006132000
202006132100
202006132200
202006132300
202006140000
202006140100
202006140200
202006140300
202006140400
202006140500
202006140600
202006140700
202006140800
202006140900
202006141000
202006141100
202006141200
202006141300
202006141400
202006141500
202006141600
202006141700
202006141800
202006141900
202006142000
202006142100
202006142200
202006142300
202006150000
202006150100
202006150200
202006150300
202006150400
202006150500
202006150600
202006150700
202006150800
202006150900
202006151000
202006151100
202006151200
202006151300
202006151400
202006151500
202006151600
202006151700
202006151800
202006151900
202006152000
202006152100
202006152200
202006152300
202006160000
202006160100
202006160200
202006160300
202006160400
202006160500
202006160600
202006160700
202006160800
202006160900
202006161000
202006161100
202006161200
202006161300
202006161400
202006161500
202006161600
202006161700
202006161800
202006161900
202006162000
202006162100
202006162200
202006162300
202006170000
202006170100
202006170200
202006170300
202006170400
202006170500
202006170600
202006170700
202006170800
202006170900
202006171000
202006171100
202006171200
202006171300
202006171400
202006171500
202006171600
202006171700
202006171800
202006171900
202006172000
202006172100
202006172200
202006172300
202006180000
202006180100
202006180200
202006180300
202006180400
202006180500
202006180600
202006180700
202006180800
202006180900
202006181000
202006181100
202006181200
202006181300
202006181400
202006181500
202006181600
202006181700
202006181800
202006181900
202006182000
202006182100
202006182200
202006182300
202006190000
202006190100
202006190200
202006190300
202006190400
202006190500
202006190600
202006190700
202006190800
202006190900
202006191000
202006191100
202006191200
202006191300
202006191400
202006191500
202006191600
202006191700
202006191800
202006191900
202006192000
202006192100
202006192200
202006192300
202006200000
202006200100
202006200200
202006200300
202006200400
202006200500
202006200600
202006200700
202006200800
202006200900
202006201000
202006201100
202006201200
202006201300
202006201400
202006201500
202006201600
202006201700
202006201800
202006201900
202006202000
202006202100
202006202200
202006202300
202006210000
202006210100
202006210200
202006210300
202006210400
202006210500
202006210600
202006210700
202006210800
202006210900
202006211000
202006211100
202006211200
202006211300
202006211400
202006211500
202006211600
202006211700
202006211800
202006211900
202006212000
202006212100
202006212200
202006212300
202006220000
202006220100
202006220200
202006220300
202006220400
202006220500
202006220600
202006220700
202006220800
202006220900
202006221000
202006221100
202006221200
202006221300
202006221400
202006221500
202006221600
202006221700
202006221800
202006221900
202006222000
202006222100
202006222200
202006222300
202006230000
202006230100
202006230200
202006230300
202006230400
202006230500
202006230600
202006230700
202006230800
202006230900
202006231000
202006231100
202006231200
202006231300
202006231400
202006231500
202006231600
202006231700
202006231800
202006231900
202006232000
202006232100
202006232200
202006232300
202006240000
202006240100
202006240200
202006240300
202006240400
202006240500
202006240600
202006240700
202006240800
202006240900
202006241000
202006241100
202006241200
202006241300
202006241400
202006241500
202006241600
202006241700
202006241800
202006241900
202006242000
202006242100
202006242200
202006242300
202006250000
202006250100
202006250200
202006250300
202006250400
202006250500
202006250600
202006250700
202006250800
202006250900
202006251000
202006251100
202006251200
202006251300
202006251400
202006251500
202006251600
202006251700
202006251800
202006251900
202006252000
202006252100
202006252200
202006252300
202006260000
202006260100
202006260200
202006260300
202006260400
202006260500
202006260600
202006260700
202006260800
202006260900
202006261000
202006261100
202006261200
202006261300
202006261400
202006261500
202006261600
202006261700
202006261800
202006261900
202006262000
202006262100
202006262200
202006262300
202006270000
202006270100
202006270200
202006270300
202006270400
202006270500
202006270600
202006270700
202006270800
202006270900
202006271000
202006271100
202006271200
202006271300
202006271400
202006271500
202006271600
202006271700
202006271800
202006271900
202006272000
202006272100
202006272200
202006272300
202006280000
202006280100
202006280200
202006280300
202006280400
202006280500
202006280600
202006280700
202006280800
202006280900
202006281000
202006281100
202006281200
202006281300
202006281400
202006281500
202006281600
202006281700
202006281800
202006281900
202006282000
202006282100
202006282200
202006282300
202006290000
202006290100
202006290200
202006290300
202006290400
202006290500
202006290600
202006290700
202006290800
202006290900
202006291000
202006291100
202006291200
202006291300
202006291400
202006291500
202006291600
202006291700
202006291800
202006291900
202006292000
202006292100
202006292200
202006292300
202006300000
202006300100
202006300200
202006300300
202006300400
202006300500
202006300600
202006300700
202006300800
202006300900
202006301000
202006301100
202006301200
202006301300
202006301400
202006301500
202006301600
202006301700
202006301800
202006301900
202006302000
202006302100
202006302200
202006302300
202007010000
202007010100
202007010200
202007010300
202007010400
202007010500
202007010600
202007010700
202007010800
202007010900
202007011000
202007011100
202007011200
202007011300
202007011400
202007011500
202007011600
202007011700
202007011800
202007011900
202007012000
202007012100
202007012200
202007012300
202007020000
202007020100
202007020200
202007020300
202007020400
202007020500
202007020600
202007020700
202007020800
202007020900
202007021000
202007021100
202007021200
202007021300
202007021400
202007021500
202007021600
202007021700
202007021800
202007021900
202007022000
202007022100
202007022200
202007022300
202007030000
202007030100
202007030200
202007030300
202007030400
202007030500
202007030600
202007030700
202007030800
202007030900
202007031000
202007031100
202007031200
202007031300
202007031400
202007031500
202007031600
202007031700
202007031800
202007031900
202007032000
202007032100
202007032200
202007032300
202007040000
202007040100
202007040200
202007040300
202007040400
202007040500
202007040600
202007040700
202007040800
202007040900
202007041000
202007041100
202007041200
202007041300
202007041400
202007041500
202007041600
202007041700
202007041800
202007041900
202007042000
202007042100
202007042200
202007042300
202007050000
202007050100
202007050200
202007050300
202007050400
202007050500
202007050600
202007050700
202007050800
202007050900
202007051000
202007051100
202007051200
202007051300
202007051400
202007051500
202007051600
202007051700
202007051800
202007051900
202007052000
202007052100
202007052200
202007052300
202007060000
202007060100
202007060200
202007060300
202007060400
202007060500
202007060600
202007060700
202007060800
202007060900
202007061000
202007061100
202007061200
202007061300
202007061400
202007061500
202007061600
202007061700
202007061800
202007061900
202007062000
202007062100
202007062200
202007062300
202007070000
202007070100
202007070200
202007070300
202007070400
202007070500
202007070600
202007070700
202007070800
202007070900
202007071000
202007071100
202007071200
202007071300
202007071400
202007071500
202007071600
202007071700
202007071800
202007071900
202007072000
202007072100
202007072200
202007072300
202007080000
202007080100
202007080200
202007080300
202007080400
202007080500
202007080600
202007080700
202007080800
202007080900
202007081000
202007081100
202007081200
202007081300
202007081400
202007081500
202007081600
202007081700
202007081800
202007081900
202007082000
202007082100
202007082200
202007082300
202007090000
202007090100
202007090200
202007090300
202007090400
202007090500
202007090600
202007090700
202007090800
202007090900
202007091000
202007091100
202007091200
202007091300
202007091400
202007091500
202007091600
202007091700
202007091800
202007091900
202007092000
202007092100
202007092200
202007092300
202007100000
202007100100
202007100200
202007100300
202007100400
202007100500
202007100600
202007100700
202007100800
202007100900
202007101000
202007101100
202007101200
202007101300
202007101400
202007101500
202007101600
202007101700
202007101800
202007101900
202007102000
202007102100
202007102200
202007102300
202007110000
202007110100
202007110200
202007110300
202007110400
202007110500
202007110600
202007110700
202007110800
202007110900
202007111000
202007111100
202007111200
202007111300
202007111400
202007111500
202007111600
202007111700
202007111800
202007111900
202007112000
202007112100
202007112200
202007112300
202007120000
202007120100
202007120200
202007120300
202007120400
202007120500
202007120600
202007120700
202007120800
202007120900
202007121000
202007121100
202007121200
202007121300
202007121400
202007121500
202007121600
202007121700
202007121800
202007121900
202007122000
202007122100
202007122200
202007122300
202007130000
202007130100
202007130200
202007130300
202007130400
202007130500
202007130600
202007130700
202007130800
202007130900
202007131000
202007131100
202007131200
202007131300
202007131400
202007131500
202007131600
202007131700
202007131800
202007131900
202007132000
202007132100
202007132200
202007132300
202007140000
202007140100
202007140200
202007140300
202007140400
202007140500
202007140600
202007140700
202007140800
202007140900
202007141000
202007141100
202007141200
202007141300
202007141400
202007141500
202007141600
202007141700
202007141800
202007141900
202007142000
202007142100
202007142200
202007142300
202007150000
202007150100
202007150200
202007150300
202007150400
202007150500
202007150600
202007150700
202007150800
202007150900
202007151000
202007151100
202007151200
202007151300
202007151400
202007151500
202007151600
202007151700
202007151800
202007151900
202007152000
202007152100
202007152200
202007152300
202007160000
202007160100
202007160200
202007160300
202007160400
202007160500
202007160600
202007160700
202007160800
202007160900
202007161000
202007161100
202007161200
202007161300
202007161400
202007161500
202007161600
202007161700
202007161800
202007161900
202007162000
202007162100
202007162200
202007162300
202007170000
202007170100
202007170200
202007170300
202007170400
202007170500
202007170600
202007170700
202007170800
202007170900
202007171000
202007171100
202007171200
202007171300
202007171400
202007171500
202007171600
202007171700
202007171800
202007171900
202007172000
202007172100
202007172200
202007172300
202007180000
202007180100
202007180200
202007180300
202007180400
202007180500
202007180600
202007180700
202007180800
202007180900
202007181000
202007181100
202007181200
202007181300
202007181400
202007181500
202007181600
202007181700
202007181800
202007181900
202007182000
202007182100
202007182200
202007182300
202007190000
202007190100
202007190200
202007190300
202007190400
202007190500
202007190600
202007190700
202007190800
202007190900
202007191000
202007191100
202007191200
202007191300
202007191400
202007191500
202007191600
202007191700
202007191800
202007191900
202007192000
202007192100
202007192200
202007192300
202007200000
202007200100
202007200200
202007200300
202007200400
202007200500
202007200600
202007200700
202007200800
202007200900
202007201000
202007201100
202007201200
202007201300
202007201400
202007201500
202007201600
202007201700
202007201800
202007201900
202007202000
202007202100
202007202200
202007202300
202007210000
202007210100
202007210200
202007210300
202007210400
202007210500
202007210600
202007210700
202007210800
202007210900
202007211000
202007211100
202007211200
202007211300
202007211400
202007211500
202007211600
202007211700
202007211800
202007211900
202007212000
202007212100
202007212200
202007212300
202007220000
202007220100
202007220200
202007220300
202007220400
202007220500
202007220600
202007220700
202007220800
202007220900
202007221000
202007221100
202007221200
202007221300
202007221400
202007221500
202007221600
202007221700
202007221800
202007221900
202007222000
202007222100
202007222200
202007222300
202007230000
202007230100
202007230200
202007230300
202007230400
202007230500
202007230600
202007230700
202007230800
202007230900
202007231000
202007231100
202007231200
202007231300
202007231400
202007231500
202007231600
202007231700
202007231800
202007231900
202007232000
202007232100
202007232200
202007232300
202007240000
202007240100
202007240200
202007240300
202007240400
202007240500
202007240600
202007240700
202007240800
202007240900
202007241000
202007241100
202007241200
202007241300
202007241400
202007241500
202007241600
202007241700
202007241800
202007241900
202007242000
202007242100
202007242200
202007242300
202007250000
202007250100
202007250200
202007250300
202007250400
202007250500
202007250600
202007250700
202007250800
202007250900
202007251000
202007251100
202007251200
202007251300
202007251400
202007251500
202007251600
202007251700
202007251800
202007251900
202007252000
202007252100
202007252200
202007252300
202007260000
202007260100
202007260200
202007260300
202007260400
202007260500
202007260600
202007260700
202007260800
202007260900
202007261000
202007261100
202007261200
202007261300
202007261400
202007261500
202007261600
202007261700
202007261800
202007261900
202007262000
202007262100
202007262200
202007262300
202007270000
202007270100
202007270200
202007270300
202007270400
202007270500
202007270600
202007270700
202007270800
202007270900
202007271000
202007271100
202007271200
202007271300
202007271400
202007271500
202007271600
202007271700
202007271800
202007271900
202007272000
202007272100
202007272200
202007272300
202007280000
202007280100
202007280200
202007280300
202007280400
202007280500
202007280600
202007280700
202007280800
202007280900
202007281000
202007281100
202007281200
202007281300
202007281400
202007281500
202007281600
202007281700
202007281800
202007281900
202007282000
202007282100
202007282200
202007282300
202007290000
202007290100
202007290200
202007290300
202007290400
202007290500
202007290600
202007290700
202007290800
202007290900
202007291000
202007291100
202007291200
202007291300
202007291400
202007291500
202007291600
202007291700
202007291800
202007291900
202007292000
202007292100
202007292200
202007292300
202007300000
